% Assuming Y is your 419x4 matrix
Y = [ [ 8.61764497e-02  8.21767234e-02  8.60092238e-02  8.31812730e-02]
 [ 8.68061593e-02  8.12378070e-02  8.67201579e-02  8.21147386e-02]
 [ 8.62626469e-02  8.19765045e-02  8.60716344e-02  8.22030689e-02]
 [ 8.76867781e-02  8.43568198e-02  8.76963895e-02  8.45299304e-02]
 [ 8.60630915e-02  8.33521475e-02  8.61006397e-02  8.29006086e-02]
 [ 8.70762644e-02  8.33726021e-02  8.73998637e-02  8.26920539e-02]
 [ 8.43704565e-02  8.36532188e-02  8.48801972e-02  8.25433712e-02]
 [ 8.44251470e-02  8.48983997e-02  8.49850402e-02  8.36610508e-02]
 [ 8.51298924e-02  8.60447435e-02  8.56667896e-02  8.43310363e-02]
 [ 8.45671635e-02  8.63926797e-02  8.52553016e-02  8.48199946e-02]
 [ 8.37406772e-02  8.62238898e-02  8.41917044e-02  8.43240006e-02]
 [ 8.48156659e-02  8.64007240e-02  8.56673180e-02  8.45931554e-02]
 [ 8.32764109e-02  8.70668169e-02  8.43253188e-02  8.47181768e-02]
 [ 8.36592594e-02  8.61897988e-02  8.47544437e-02  8.38534595e-02]
 [ 8.36784461e-02  8.64813005e-02  8.46434041e-02  8.39366397e-02]
 [ 8.57990480e-02  8.72554558e-02  8.68451102e-02  8.51998362e-02]
 [ 8.33226956e-02  8.54968478e-02  8.41703964e-02  8.33142382e-02]
 [ 8.55757584e-02  8.48023023e-02  8.65104995e-02  8.28347463e-02]
 [ 8.52908327e-02  8.45458945e-02  8.59567744e-02  8.26348512e-02]
 [ 8.69359552e-02  8.40094471e-02  8.78015981e-02  8.24996545e-02]
 [ 8.57645388e-02  8.48184844e-02  8.68308598e-02  8.31422786e-02]
 [ 8.70013538e-02  8.43072866e-02  8.83817711e-02  8.28866676e-02]
 [ 8.69423670e-02  8.33701157e-02  8.81422030e-02  8.16774604e-02]
 [ 8.93271242e-02  8.38623527e-02  9.06726521e-02  8.26145626e-02]
 [ 8.79390194e-02  8.35720528e-02  8.95519921e-02  8.22557216e-02]
 [ 8.84510881e-02  8.24735700e-02  9.02505328e-02  8.14100064e-02]
 [ 8.74758266e-02  8.19196078e-02  8.94812919e-02  8.08805438e-02]
 [ 9.02588980e-02  8.20091104e-02  9.26146746e-02  8.14205552e-02]
 [ 8.81833502e-02  8.06499818e-02  9.06402675e-02  7.99392627e-02]
 [ 8.91420342e-02  8.08020807e-02  9.19264957e-02  8.02696405e-02]
 [ 8.79296579e-02  8.07771244e-02  9.09220032e-02  8.05005021e-02]
 [ 8.78684313e-02  8.13763053e-02  9.11662940e-02  8.14587434e-02]
 [ 8.76893515e-02  8.22983357e-02  9.11868130e-02  8.20951043e-02]
 [ 8.83220018e-02  8.27201653e-02  9.20841537e-02  8.27286900e-02]
 [ 8.72177624e-02  8.28069153e-02  9.09684171e-02  8.26631747e-02]
 [ 8.81337365e-02  8.39082244e-02  9.22776262e-02  8.40584479e-02]
 [ 8.73336534e-02  8.41042228e-02  9.17115884e-02  8.39666873e-02]
 [ 8.76562948e-02  8.45747952e-02  9.22701576e-02  8.44720037e-02]
 [ 8.64051410e-02  8.38943436e-02  9.10431938e-02  8.34899666e-02]
 [ 8.81333778e-02  8.43370949e-02  9.29870888e-02  8.42865845e-02]
 [ 8.82310610e-02  8.41301536e-02  9.29023974e-02  8.37780175e-02]
 [ 8.82028425e-02  8.41565953e-02  9.30791163e-02  8.40363650e-02]
 [ 8.88403292e-02  8.46601089e-02  9.35607210e-02  8.43596617e-02]
 [ 9.09204627e-02  8.51653486e-02  9.55894709e-02  8.53668662e-02]
 [ 9.02821918e-02  8.65144811e-02  9.48449250e-02  8.65968846e-02]
 [ 9.15226193e-02  8.63165512e-02  9.61071024e-02  8.67310722e-02]
 [ 9.06137063e-02  8.52401430e-02  9.48588869e-02  8.53750455e-02]
 [ 9.12579033e-02  8.55420509e-02  9.57037767e-02  8.58881263e-02]
 [ 9.03569398e-02  8.49627957e-02  9.47247835e-02  8.49231231e-02]
 [ 9.11240403e-02  8.47629434e-02  9.53232495e-02  8.47653421e-02]
 [ 9.06239653e-02  8.54176274e-02  9.45552921e-02  8.49394161e-02]
 [ 9.26209764e-02  8.62302509e-02  9.65483615e-02  8.58350711e-02]
 [ 9.16335319e-02  8.66022641e-02  9.53788893e-02  8.56371242e-02]
 [ 9.10874596e-02  8.65182502e-02  9.47759400e-02  8.55196629e-02]
 [ 9.09543649e-02  8.64871219e-02  9.43374226e-02  8.52939045e-02]
 [ 9.18942821e-02  8.71022963e-02  9.52130289e-02  8.63744815e-02]
 [ 9.06084737e-02  8.75637763e-02  9.36052175e-02  8.67605720e-02]
 [ 9.11565375e-02  8.82454191e-02  9.39748463e-02  8.77868123e-02]
 [ 9.02668653e-02  8.85241060e-02  9.24751938e-02  8.79474548e-02]
 [ 9.23045351e-02  9.00149786e-02  9.45773600e-02  8.96198320e-02]
 [ 9.19628511e-02  9.04706439e-02  9.41870667e-02  8.96584437e-02]
 [ 9.19621086e-02  8.97375565e-02  9.41651313e-02  8.88086991e-02]
 [ 9.25449921e-02  9.12228413e-02  9.46298597e-02  8.97332352e-02]
 [ 9.51908299e-02  9.26652585e-02  9.72767901e-02  9.11248845e-02]
 [ 9.33197463e-02  9.12961375e-02  9.50761060e-02  8.92198575e-02]
 [ 9.32931464e-02  9.06981610e-02  9.50818963e-02  8.87035893e-02]
 [ 9.26720644e-02  9.10909051e-02  9.43127077e-02  8.87538302e-02]
 [ 9.52312820e-02  9.11916442e-02  9.68498415e-02  8.92165617e-02]
 [ 9.43031349e-02  9.08641385e-02  9.56573865e-02  8.86850920e-02]
 [ 9.57773270e-02  9.02766329e-02  9.71549746e-02  8.83981034e-02]
 [ 9.47940179e-02  9.02070842e-02  9.57054804e-02  8.82041767e-02]
 [ 9.56809806e-02  9.04910430e-02  9.65076627e-02  8.89141112e-02]
 [ 9.55718241e-02  9.07056665e-02  9.61677827e-02  8.89000462e-02]
 [ 9.63423832e-02  9.07358772e-02  9.67984768e-02  8.90735029e-02]
 [ 9.60011539e-02  9.03211353e-02  9.62412956e-02  8.87644553e-02]
 [ 9.83810498e-02  9.13045108e-02  9.86437244e-02  9.03846577e-02]
 [ 9.76959722e-02  9.02761867e-02  9.76596612e-02  8.93048377e-02]
 [ 9.96416636e-02  8.97904478e-02  9.96814558e-02  8.90894498e-02]
 [ 9.87697398e-02  8.98698252e-02  9.84896654e-02  8.93482085e-02]
 [ 9.86459289e-02  9.03762304e-02  9.84414474e-02  9.03834328e-02]
 [ 9.82274605e-02  9.05397111e-02  9.78813993e-02  9.05561203e-02]
 [ 9.86645806e-02  9.07702279e-02  9.82337160e-02  9.13120902e-02]
 [ 9.71088572e-02  9.11033107e-02  9.62726782e-02  9.16092674e-02]
 [ 9.84778784e-02  9.13532073e-02  9.76932759e-02  9.22186715e-02]
 [ 9.67524554e-02  9.14894459e-02  9.59870518e-02  9.22327268e-02]
 [ 9.62493292e-02  9.14363732e-02  9.56430117e-02  9.25976538e-02]
 [ 9.56158020e-02  9.16590837e-02  9.48768403e-02  9.26964709e-02]
 [ 9.75814469e-02  9.38362892e-02  9.70036441e-02  9.52979064e-02]
 [ 9.54246711e-02  9.32332417e-02  9.45685057e-02  9.44610072e-02]
 [ 9.58777211e-02  9.24140832e-02  9.51007063e-02  9.38507999e-02]
 [ 9.49290538e-02  9.24283786e-02  9.36816944e-02  9.41094358e-02]
 [ 9.46691964e-02  9.28624661e-02  9.34661810e-02  9.47389188e-02]
 [ 9.36742161e-02  9.18907915e-02  9.23085137e-02  9.33599759e-02]
 [ 9.48618112e-02  9.22507860e-02  9.34971190e-02  9.40157307e-02]
 [ 9.40006856e-02  9.21663491e-02  9.22863569e-02  9.37683333e-02]
 [ 9.49323388e-02  9.16177902e-02  9.32845328e-02  9.37107520e-02]
 [ 9.31548211e-02  9.01603870e-02  9.13014141e-02  9.20895560e-02]
 [ 9.38707650e-02  9.00508845e-02  9.19339660e-02  9.20434885e-02]
 [ 9.32904669e-02  8.98159823e-02  9.09491799e-02  9.17560559e-02]
 [ 9.46435127e-02  9.07930885e-02  9.22350302e-02  9.31969315e-02]
 [ 9.43734742e-02  8.95164214e-02  9.16083991e-02  9.16835613e-02]
 [ 9.43561892e-02  8.87538213e-02  9.17213756e-02  9.12086067e-02]
 [ 9.21638513e-02  8.84535562e-02  8.94636013e-02  9.09211432e-02]
 [ 9.40512401e-02  8.96813200e-02  9.13040222e-02  9.25212008e-02]
 [ 9.27350994e-02  8.77854463e-02  8.98200136e-02  9.04880416e-02]
 [ 9.23875146e-02  8.89651170e-02  8.94818476e-02  9.20179137e-02]
 [ 9.04350326e-02  8.74922124e-02  8.72138545e-02  9.05282091e-02]
 [ 9.04813506e-02  8.72232773e-02  8.75239567e-02  9.06429985e-02]
 [ 8.97659886e-02  8.83333143e-02  8.68125615e-02  9.15545897e-02]
 [ 8.94393075e-02  8.78591772e-02  8.67348333e-02  9.13780129e-02]
 [ 8.80110219e-02  8.61985446e-02  8.54802329e-02  8.99511450e-02]
 [ 8.86730953e-02  8.65992422e-02  8.66151280e-02  9.09281490e-02]
 [ 8.70493505e-02  8.50962900e-02  8.49949884e-02  8.92912949e-02]
 [ 8.82028583e-02  8.42752617e-02  8.63591515e-02  8.87576563e-02]
 [ 8.64070109e-02  8.34863441e-02  8.45752424e-02  8.80970621e-02]
 [ 8.67166595e-02  8.46417269e-02  8.50740537e-02  8.98703937e-02]
 [ 8.50156191e-02  8.29911205e-02  8.34637981e-02  8.81361965e-02]
 [ 8.53760037e-02  8.32229166e-02  8.40592091e-02  8.86135804e-02]
